<タイル>
    価値表
        x: 通行禁止：壁・川・池・家・石・木・倒せない敵
        0: アイテムなし・癒し１・ショップ０
        1: ショップ１
        2: 次のマップへ・癒し２
        3: ショップ２・小銭
        4: 癒し３
        5: ショップ３
        6: 癒し４・倒せる敵
        7: ショップ４
        8: 癒し５
        9: ショップ５・ダイヤモンド(d)($8)・エクスカリバー(e)(AD5)・すっごいでっかいきのこ(k)(lv.1up)
    
    評価値
        価値＊２/そこまでの距離
    
    効果
        dynamic
            ショップ(s)
                １(2)：バンドエイド(s2)
                ２(4)：きずぐすり(s4)
                ３(6)：ポーション(s6)
                ４(8)：ハイエリクサー(s8)/剣(AD3)
                ５(10)：身代わり人形(s10)
            癒し(i)：体力を２回復
                １：体力１０以下
                ２：体力８以下
                ３：体力６以下
                ４：体力４以下
                ５：体力２以下
        static
            小銭：１＄獲得


    タイルコード
        s: n ショップ
        i: n 癒し
        k,e,d: 9 きのこ・エクス・ダイヤ
        E: 6 倒せる敵
        m: 3 小銭
        g: 2 ゲート(次のマップ)
        M: 魔王と対決
        p: 2 経験値

<勇者>
[0.0, 0.0, 0.0, 0.0, 0.0, 0.16666666666666666, 0.2608695652173913, 0.18181818181818182, 0.19047619047619047, 0.0, 0.0, 0.2, 0.19047619047619047, 0.18181818181818182, 0.2608695652173913, 0.0, 0.20689655172413793, 0.0]
[0.0, 0.0, 0.0, 0.0, 0.0, 0.17391304347826086, 0.18181818181818182, 0.19047619047619047, 0.2, 0.3157894736842105, 0.0, 0.3157894736842105, 0.0, 0.2608695652173913, 0.25, 0.0, 0.14285714285714285, 0.0]
[0.0, 0.0, 0.0, 0.0, 0.0, 0.75, 0.0, 0.3, 0.3157894736842105, 0.3333333333333333, 0.0, 0.0, 0.0, 0.0, 0.24, 0.15384615384615385, 0.2222222222222222, 0.0]
[0.0, 0.4, 0.0, 0.0, 0.0, 0.0, 0.0, 0.0, 0.3, 0.0, 0.0, 0.0, 0.0, 0.0, 0.0, 0.0, 0.0, 0.0]
[0.0, 0.42857142857142855, 0.0, 0.0, 0.0, 0.0, 0.0, 0.0, 0.19047619047619047, 0.0, 0.0, 0.0, 0.0, 0.0, 0.0, 0.0, 0.0, 0.0]
[0.0, 0.46153846153846156, 0.0, 0.0, 0.0, 0.0, 0.0, 0.0, 0.0, 0.0, 0.0, 0.0, 0.0, 0.0, 0.0, 0.0, 0.38461538461538464, 0.0]
[0.3076923076923077, 0.0, 0.0, 0.0, 0.0, 0.0, 0.0, 0.0, 0.0, 0.0, 0.0, 0.0, 0.4, 0.0, 0.0, 0.0, 0.0, 0.0]
[0.0, 0.46153846153846156, 0.3333333333333333, 0.0, 0.0, 0.0, 0.0, 0.0, 0.0, 0.0, 0.0, 0.0, 0.375, 0.23529411764705882, 0.0, 0.0, 0.0, 0.0]
[0.0, 0.42857142857142855, 0.46153846153846156, 0.0, 0.0, 0.0, 0.0, 0.0, 0.0, 0.0, 0.0, 0.0, 0.0, 0.0, 0.0, 0.0, 0.0, 0.0]
[0.0, 0.4, 0.0, 0.0, 0.0, 0.0, 0.0, 0.0, 0.0, 0.0, 0.0, 0.0, 0.0, 0.0, 0.0, 0.12903225806451613, 0.2, 0.0]
[0.0, 0.0, 0.0, 0.0, 0.0, 0.0, 0.0, 0.0, 0.0, 0.2727272727272727, 0.17391304347826086, 0.0, 0.0, 0.125, 0.1935483870967742, 0.13333333333333333, 0.20689655172413793, 0.0]
[0.0, 0.0, 0.0, 0.0, 0.0, 0.0, 0.0, 0.2608695652173913, 0.18181818181818182, 0.19047619047619047, 0.0, 0.0, 0.0, 0.0, 0.0, 0.0, 0.21428571428571427, 0.0]
[0.0, 0.2727272727272727, 0.2857142857142857, 0.18181818181818182, 0.0, 0.0, 0.0, 0.0, 0.0, 0.3, 0.0, 0.0, 0.0, 0.0, 0.0, 0.0, 0.2222222222222222, 0.0]
[0.0, 0.19047619047619047, 0.3, 0.0, 0.0, 0.0, 0.0, 0.0, 0.0, 0.0, 0.0, 0.0, 0.0, 0.0, 0.0, 0.0, 0.21428571428571427, 0.0]
[0.0, 0.0, 0.3157894736842105, 0.0, 0.0, 0.25, 0.23529411764705882, 0.2222222222222222, 0.0, 0.0, 0.0, 0.0, 0.0, 0.0, 0.0, 0.125, 0.1935483870967742, 0.0]
[0.0, 0.0, 0.5, 0.0, 0.0, 0.0, 0.0, 0.0, 0.0, 0.0, 0.0, 0.16216216216216217, 0.1111111111111111, 0.17142857142857143, 0.17647058823529413, 0.12121212121212122, 0.1875, 0.0]
[0.0, 0.0, 0.0, 0.0, 0.0, 0.0, 0.0, 0.0, 0.0, 0.0, 0.0, 0.0, 0.0, 0.0, 0.0, 0.0, 0.0, 0.0]

<魔王>


<モンスター>
    id  name        lv  COST    HP  AD  EXP     +α
    0   Slime       1   1       3   1   100     none
    1   Skeleton    1   2       3   1   100     一度復活
    2   Cerberus    1   3       3   1   100     
    3   Slime       2   2       6   2   500     none
    6   Slime       3   3       9   3   1500     none